5.592496342798068731e+00
4.977080225729896945e+00
3.451113707058969915e+00
3.126637986947333303e+00
3.042781021566463462e+00
2.439200513925392499e+00
2.320205023337401862e+00
2.091077750244029865e+00
1.688057285049697320e+00
1.488832824322505521e+00
1.466329481652246969e+00
1.459421816870667188e+00
1.124201245143401480e-15
3.000158279761662161e-01
4.282080589539424831e-01
4.197337844512611937e-01
6.167644285084958877e-01
7.929009274283442821e-01
8.381707937720171975e-01
1.192602321001576815e+00
1.031485184289508528e+00
1.078383802692763682e+00
1.083286477697218420e+00
2.000000000000000444e+00
5.185125899478493379e-16
5.296352094286820226e-16
3.335708671623712367e-16
2.719429528690881956e-16
2.146734502011924072e-16
2.056944998403426622e-16
7.149438372186736252e-17
9.705697862345924873e-17
1.671076784005116906e-17
1.991374636629052504e-17
